0,07  1,219  2,00  3,219  
0,06  1,220  2,01  3,220  
0,05  1,221  2,02  3,221  
0,04  1,222  2,03  3,222  
0,03  1,223  2,04  3,223  
0,02  1,00  2,05  3,00  
0,01  1,01  2,06  3,01  
0,00  1,02  2,07  3,02  
0,15  1,03  2,08  3,03  
0,14  1,04  2,09  3,04  
0,13  1,05  2,10  3,05  
0,12  1,06  2,11  3,06  
0,11  1,07  2,12  3,07  
0,10  1,08  2,13  3,08  
0,09  1,09  2,14  3,09  
0,08  1,10  2,15  3,10  
0,23  1,11  2,16  3,11  
0,22  1,12  2,17  3,12  
0,21  1,13  2,18  3,13  
0,20  1,14  2,19  3,14  
0,19  1,15  2,20  3,15  
0,18  1,16  2,21  3,16  
0,17  1,17  2,22  3,17  
0,16  1,18  2,23  3,18  
0,31  1,19  2,24  3,19  
0,30  1,20  2,25  3,20  
0,29  1,21  2,26  3,21  
0,28  1,22  2,27  3,22  
0,27  1,23  2,28  3,23  
0,26  1,24  2,29  3,24  
0,25  1,25  2,30  3,25  
0,24  1,26  2,31  3,26  
0,32  1,27  2,32  3,27  
0,33  1,28  2,33  3,28  
0,34  1,29  2,34  3,29  
0,35  1,30  2,35  3,30  
0,36  1,31  2,36  3,31  
0,37  1,32  2,37  3,32  
0,38  1,33  2,38  3,33  
0,39  1,34  2,39  3,34  
0,40  1,35  2,40  3,35  
0,41  1,36  2,41  3,36  
0,42  1,37  2,42  3,37  
0,43  1,38  2,43  3,38  
0,44  1,39  2,44  3,39  
0,45  1,40  2,45  3,40  
0,46  1,41  2,46  3,41  
0,47  1,42  2,47  3,42  
0,48  1,43  2,48  3,43  
0,49  1,44  2,49  3,44  
0,50  1,45  2,50  3,45  
0,51  1,46  2,51  3,46  
0,52  1,47  2,52  3,47  
0,53  1,48  2,53  3,48  
0,54  1,49  2,54  3,49  
0,55  1,50  2,55  3,50  
0,56  1,51  2,56  3,51  
0,57  1,52  2,57  3,52  
0,58  1,53  2,58  3,53  
0,59  1,54  2,59  3,54  
0,60  1,55  2,60  3,55  
0,61  1,56  2,61  3,56  
0,62  1,57  2,62  3,57  
0,63  1,58  2,63  3,58  
0,64  1,59  2,64  3,59  
0,65  1,60  2,65  3,60  
0,66  1,61  2,66  3,61  
0,67  1,62  2,67  3,62  
0,68  1,63  2,68  3,63  
0,69  1,64  2,69  3,64  
0,70  1,65  2,70  3,65  
0,71  1,66  2,71  3,66  
0,72  1,67  2,72  3,67  
0,73  1,68  2,73  3,68  
0,74  1,69  2,74  3,69  
0,75  1,70  2,75  3,70  
0,76  1,71  2,76  3,71  
0,77  1,72  2,77  3,72  
0,78  1,73  2,78  3,73  
0,79  1,74  2,79  3,74  
0,80  1,75  2,80  3,75  
0,81  1,76  2,81  3,76  
0,82  1,77  2,82  3,77  
0,83  1,78  2,83  3,78  
0,84  1,79  2,84  3,79  
0,85  1,80  2,85  3,80  
0,86  1,81  2,86  3,81  
0,87  1,82  2,87  3,82  
0,88  1,83  2,88  3,83  
0,89  1,84  2,89  3,84  
0,90  1,85  2,90  3,85  
0,91  1,86  2,91  3,86  
0,92  1,87  2,92  3,87  
0,93  1,88  2,93  3,88  
0,94  1,89  2,94  3,89  
0,95  1,90  2,95  3,90  
0,96  1,91  2,96  3,91  
0,97  1,92  2,97  3,92  
0,98  1,93  2,98  3,93  
0,99  1,94  2,99  3,94  
0,100  1,95  2,100  3,95  
0,101  1,96  2,101  3,96  
0,102  1,97  2,102  3,97  
0,103  1,98  2,103  3,98  
0,104  1,99  2,104  3,99  
0,105  1,100  2,105  3,100  
0,106  1,101  2,106  3,101  
0,107  1,102  2,107  3,102  
0,108  1,103  2,108  3,103  
0,109  1,104  2,109  3,104  
0,110  1,105  2,110  3,105  
0,111  1,106  2,111  3,106  
0,112  1,107  2,112  3,107  
0,113  1,108  2,113  3,108  
0,114  1,109  2,114  3,109  
0,115  1,110  2,115  3,110  
0,116  1,111  2,116  3,111  
0,117  1,112  2,117  3,112  
0,118  1,113  2,118  3,113  
0,119  1,114  2,119  3,114  
0,120  1,115  2,120  3,115  
0,121  1,116  2,121  3,116  
0,122  1,117  2,122  3,117  
0,123  1,118  2,123  3,118  
0,124  1,119  2,124  3,119  
0,125  1,120  2,125  3,120  
0,126  1,121  2,126  3,121  
0,127  1,122  2,127  3,122  
0,128  1,123  2,128  3,123  
0,129  1,124  2,129  3,124  
0,130  1,125  2,130  3,125  
0,131  1,126  2,131  3,126  
0,132  1,127  2,132  3,127  
0,133  1,128  2,133  3,128  
0,134  1,129  2,134  3,129  
0,135  1,130  2,135  3,130  
0,136  1,131  2,136  3,131  
0,137  1,132  2,137  3,132  
0,138  1,133  2,138  3,133  
0,139  1,134  2,139  3,134  
0,140  1,135  2,140  3,135  
0,141  1,136  2,141  3,136  
0,142  1,137  2,142  3,137  
0,143  1,138  2,143  3,138  
0,144  1,139  2,144  3,139  
0,145  1,140  2,145  3,140  
0,146  1,141  2,146  3,141  
0,147  1,142  2,147  3,142  
0,148  1,143  2,148  3,143  
0,149  1,144  2,149  3,144  
0,150  1,145  2,150  3,145  
0,151  1,146  2,151  3,146  
0,152  1,147  2,152  3,147  
0,153  1,148  2,153  3,148  
0,154  1,149  2,154  3,149  
0,155  1,150  2,155  3,150  
0,156  1,151  2,156  3,151  
0,157  1,152  2,157  3,152  
0,158  1,153  2,158  3,153  
0,159  1,154  2,159  3,154  
0,160  1,155  2,160  3,155  
0,161  1,156  2,161  3,156  
0,162  1,157  2,162  3,157  
0,163  1,158  2,163  3,158  
0,164  1,159  2,164  3,159  
0,165  1,160  2,165  3,160  
0,166  1,161  2,166  3,161  
0,167  1,162  2,167  3,162  
0,168  1,163  2,168  3,163  
0,169  1,164  2,169  3,164  
0,170  1,165  2,170  3,165  
0,171  1,166  2,171  3,166  
0,172  1,167  2,172  3,167  
0,173  1,168  2,173  3,168  
0,174  1,169  2,174  3,169  
0,175  1,170  2,175  3,170  
0,176  1,171  2,176  3,171  
0,177  1,172  2,177  3,172  
0,178  1,173  2,178  3,173  
0,179  1,174  2,179  3,174  
0,180  1,175  2,180  3,175  
0,181  1,176  2,181  3,176  
0,182  1,177  2,182  3,177  
0,183  1,178  2,183  3,178  
0,184  1,179  2,184  3,179  
0,185  1,180  2,185  3,180  
0,186  1,181  2,186  3,181  
0,187  1,182  2,187  3,182  
0,188  1,183  2,188  3,183  
0,189  1,184  2,189  3,184  
0,190  1,185  2,190  3,185  
0,191  1,186  2,191  3,186  
0,192  1,187  2,192  3,187  
0,193  1,188  2,193  3,188  
0,194  1,189  2,194  3,189  
0,195  1,190  2,195  3,190  
0,196  1,191  2,196  3,191  
0,197  1,192  2,197  3,192  
0,198  1,193  2,198  3,193  
0,199  1,194  2,199  3,194  
0,200  1,195  2,200  3,195  
0,201  1,196  2,201  3,196  
0,202  1,197  2,202  3,197  
0,203  1,198  2,203  3,198  
0,204  1,199  2,204  3,199  
0,205  1,200  2,205  3,200  
0,206  1,201  2,206  3,201  
0,207  1,202  2,207  3,202  
0,208  1,203  2,208  3,203  
0,209  1,204  2,209  3,204  
0,210  1,205  2,210  3,205  
0,211  1,206  2,211  3,206  
0,212  1,207  2,212  3,207  
0,213  1,208  2,213  3,208  
0,214  1,209  2,214  3,209  
0,215  1,210  2,215  3,210  
0,216  1,211  2,216  3,211  
0,217  1,212  2,217  3,212  
0,218  1,213  2,218  3,213  
0,219  1,214  2,219  3,214  
0,220  1,215  2,220  3,215  
0,221  1,216  2,221  3,216  
0,222  1,217  2,222  3,217  
0,223  1,218  2,223  3,218  
