0 1.24121
1 1.41758
2 1.32864
3 1.39037
4 1.32609
5 1.22685
6 1.19737
7 1.31455
8 1.28313
9 1.33471
10 1.34722
11 1.20814
12 1.21495
13 1.25373
14 1.2199
15 1.35266
16 1.32558
17 1.58685
18 1.38914
19 1.51111
20 1.52174
21 0.712121
22 1.30097
23 0.782609
24 1.36058
25 1.59193
26 1.125
27 0.82684
28 0.956731
29 0.689362
30 1.2093
31 1.35749
32 1.49362
33 1.316
34 1.34263
35 1.3125
36 1.59825
37 1.43388
38 1.57042
39 1.46818
40 1.31174
41 1.48544
42 1.66071
43 1.47083
44 1.28638
45 2.13253
46 1.32143
47 1.53333
48 2.21429
49 1.24889
50 1.4978
51 1.22749
52 1.23265
53 0.323077
54 1.35217
55 0.40991
56 1.35
57 1.22917
58 1.1619
59 0.478469
60 0.899471
61 0.561576
62 1.37799
63 1.25328
