0 1.32287
1 1.19474
2 1.28685
3 1.34583
4 1.45752
5 1.3578
6 1.30859
7 1.33061
8 1.24859
9 1.30846
10 1.33831
11 1.41277
12 1.40891
13 1.39336
14 1.21395
15 1.28814
16 1.36441
17 1.26667
18 1.37054
19 1.3
20 1.18049
21 0.380753
22 1.34231
23 0.549107
24 1.37391
25 1.32083
26 1.16149
27 0.592593
28 0.764706
29 0.691964
30 1.35021
31 1.23671
32 1.24762
33 1.24171
34 1.2973
35 1.27053
36 1.17117
37 1.32367
38 1.22222
39 1.29565
40 1.22018
41 1.35263
42 1.17225
43 1.34137
44 1.34653
45 1.30841
46 1.2663
47 1.15789
48 1.34091
49 1.26415
50 1.25688
51 1.27803
52 1.17766
53 0.480427
54 1.08036
55 0.618026
56 1.26271
57 1.30303
58 1.07692
59 0.548837
60 0.837438
61 0.639423
62 1.30808
63 1.29224
