0 1.3287
1 1.54113
2 1.48598
3 1.40351
4 1.48333
5 1.86842
6 1.53488
7 1.25676
8 1.45333
9 1.34653
10 1.56604
11 1.24896
12 1.58996
13 1.26442
14 1.48425
15 1.33166
16 1.39565
17 1.44177
18 1.4574
19 1.47009
20 0.685345
21 1.47426
22 0.475655
23 1.50187
24 1.52632
25 1.40244
26 0.812749
27 1.41016
28 1.05761
29 1.14692
30 1.26106
31 1.38261
32 1.32
33 1.33455
34 1.56318
35 1.42918
36 1.44118
37 1.27074
38 1.56391
39 1.27805
40 1.16594
41 1.43636
42 1.328
43 1.30508
44 1.29167
45 1.27835
46 1.21026
47 1.37629
48 1.46154
49 1.30396
50 1.45172
51 1.31197
52 1.25843
53 0.653543
54 1.19725
55 0.813725
56 1.28049
57 1.30705
58 1.0163
59 0.75
60 0.808824
61 0.703863
62 1.41778
63 1.34498
