0 1.52439
1 1.35762
2 1.47917
3 1.64901
4 1.90196
5 1.49231
6 1.43092
7 1.45659
8 1.53704
9 1.47337
10 1.5477
11 1.71575
12 1.64894
13 1.67128
14 1.38376
15 1.45869
16 1.69811
17 1.63732
18 1.65201
19 1.59107
20 1.59211
21 0.345098
22 1.58246
23 0.642361
24 1.66547
25 1.61442
26 1.47782
27 0.776923
28 1.53767
29 0.957447
30 1.71324
31 1.68454
32 1.47909
33 1.33861
34 1.61775
35 1.39143
36 1.35294
37 1.48726
38 1.41695
39 1.49211
40 1.46886
41 1.37377
42 1.58633
43 1.50373
44 1.46743
45 1.58803
46 1.4396
47 1.49808
48 1.82432
49 1.57252
50 1.66149
51 1.53425
52 1.55272
53 0.392086
54 1.61656
55 0.681661
56 1.53782
57 1.47464
58 1.49492
59 0.72
60 1.50235
61 0.94186
62 1.54196
63 1.40125
