0 1.20346
1 1.2381
2 1.34
3 1.50338
4 1.62346
5 1.4069
6 1.35154
7 1.42652
8 1.20219
9 1.29327
10 1.52015
11 1.33468
12 1.5343
13 1.31429
14 1.30986
15 1.30698
16 1.41696
17 1.44017
18 1.53069
19 1.43322
20 1.26122
21 0.573276
22 1.17411
23 0.586066
24 1.39024
25 1.25431
26 1.20388
27 0.510288
28 0.927711
29 0.661972
30 1.33953
31 1.45914
32 1.41277
33 1.33333
34 1.11602
35 1.42291
36 1.60784
37 1.30964
38 1.38559
39 1.31884
40 1.28934
41 1.21495
42 1.23005
43 1.24479
44 1.27315
45 1.33971
46 1.27136
47 1.23039
48 1.32039
49 1.25197
50 1.3301
51 1.38596
52 1.36889
53 0.554717
54 1.24569
55 0.56705
56 1.40711
57 1.2767
58 1.27928
59 0.675889
60 1.09524
61 0.805128
62 1.27615
63 1.24569
