0 1.68536
1 1.6903
2 1.7395
3 2.59509
4 2
5 1.62712
6 1.65325
7 1.71293
8 1.63063
9 1.78154
10 1.71733
11 1.75
12 1.62799
13 1.80682
14 1.4721
15 1.70978
16 1.83841
17 1.66987
18 1.85037
19 1.72334
20 1.90934
21 1.2443
22 1.85377
23 0.948012
24 1.73089
25 1.71787
26 1.91969
27 1.39349
28 1.89218
29 1.45349
30 1.80719
31 1.78723
32 1.88736
33 1.83416
34 1.90379
35 1.79521
36 1.96512
37 1.77846
38 1.91169
39 1.79452
40 1.88732
41 1.66346
42 1.8642
43 1.72443
44 1.77108
45 1.80286
46 1.7589
47 2.01639
48 2.05367
49 1.84943
50 1.9252
51 1.79412
52 1.86553
53 1.42623
54 1.97826
55 1.3756
56 1.85946
57 1.83533
58 1.98649
59 1.20833
60 2.02041
61 1.34675
62 1.85333
63 1.86667
