0 1.22667
1 1.25541
2 1.33594
3 1.28163
4 1.40441
5 1.2963
6 1.1992
7 1.32218
8 1.185
9 1.24675
10 1.39098
11 1.33195
12 1.33065
13 1.29918
14 1.31092
15 1.28261
16 1.28319
17 1.41453
18 1.5534
19 1.44177
20 1.83292
21 1.09449
22 1.69903
23 0.483333
24 1.57627
25 1.46528
26 1.24453
27 0.5625
28 1.10789
29 1.19828
30 1.18359
31 1.50508
32 1.20192
33 1.26872
34 1.34363
35 1.19665
36 1.15175
37 1.24609
38 1.38696
39 1.29032
40 1.29464
41 1.29279
42 1.37885
43 1.28708
44 1.31418
45 1.31304
46 1.27064
47 1.12796
48 1.21429
49 1.23404
50 1.24887
51 1.21667
52 1.18519
53 0.296
54 1.19457
55 0.324201
56 1.2878
57 1.24583
58 1.01036
59 0.421488
60 0.712766
61 0.529412
62 1.21488
63 1.23377
