0 1.38596
1 2.36538
2 1.42066
3 1.83537
4 1.48187
5 1.54506
6 1.25806
7 1.53414
8 1.43519
9 1.54941
10 1.44079
11 1.60062
12 1.5
13 1.60884
14 1.50667
15 1.56432
16 1.4321
17 1.37551
18 1.52768
19 1.32806
20 1.47126
21 1.01005
22 1.35354
23 0.773649
24 1.38148
25 1.40996
26 1.38057
27 0.836431
28 1.00426
29 0.746212
30 1.40726
31 1.46667
32 1.20513
33 1.28218
34 1.30942
35 1.32618
36 1.07937
37 1.37402
38 1.12658
39 1.32016
40 1.14113
41 1.24607
42 1.23502
43 1.175
44 1.19369
45 1.26667
46 1.11282
47 1.21429
48 1.33987
49 1.31455
50 1.24681
51 1.35556
52 1.22857
53 0.646707
54 1.13617
55 0.590909
56 1.205
57 1.33333
58 1.19786
59 0.699605
60 0.994382
61 0.796537
62 1.24201
63 1.26606
