0 1.46939
1 1.37864
2 1.56769
3 1.43925
4 1.34767
5 1.45041
6 1.52297
7 1.44444
8 1.52033
9 1.39316
10 1.55426
11 1.45312
12 1.62963
13 1.59414
14 1.52521
15 1.41322
16 1.51965
17 1.49772
18 1.45763
19 1.48611
20 1.39819
21 0.408889
22 1.3133
23 0.408333
24 1.52315
25 1.45902
26 1.31984
27 0.490909
28 1.30732
29 0.692308
30 1.50971
31 1.42105
32 1.52137
33 1.50752
34 1.47465
35 1.5689
36 1.26613
37 1.53017
38 1.43629
39 1.46083
40 1.48077
41 1.46531
42 1.45627
43 1.44118
44 1.45575
45 1.47847
46 1.36522
47 1.48815
48 1.59567
49 1.68539
50 1.58065
51 1.64348
52 1.5177
53 0.34139
54 1.66914
55 2.28333
56 1.66786
57 1.56904
58 1.63235
59 0.851133
60 1.57031
61 1.15444
62 1.66794
63 1.61905
