0 1.39256
1 1.46053
2 1.40517
3 1.42963
4 1.56364
5 1.37553
6 1.32197
7 1.29832
8 1.22905
9 1.28772
10 1.4469
11 1.43805
12 1.34199
13 1.36889
14 1.19481
15 1.21304
16 1.42126
17 1.32381
18 1.364
19 1.43304
20 1.40702
21 0.523585
22 1.45492
23 0.568093
24 1.33333
25 1.34081
26 1.22422
27 0.65625
28 1.05556
29 0.795
30 1.26047
31 1.38532
32 1.27103
33 1.3463
34 1.28862
35 1.34276
36 1.48039
37 1.34348
38 1.37591
39 1.35455
40 1.2618
41 1.28889
42 1.42804
43 1.3122
44 1.36014
45 1.34404
46 1.2027
47 1.09906
48 1.70833
49 1.38136
50 1.23592
51 1.39556
52 1.33462
53 1
54 1.42339
55 0.605469
56 1.34457
57 1.44939
58 1.26496
59 0.541516
60 1.07407
61 0.67619
62 1.44398
63 1.36957
