0 1.56327
1 2.36667
2 1.57021
3 1.9661
4 2.05747
5 1.39113
6 1.48288
7 1.5084
8 1.54412
9 1.532
10 1.61811
11 1.53114
12 1.53633
13 1.59259
14 1.54106
15 1.524
16 1.56422
17 1.52743
18 1.47012
19 1.51807
20 1.49794
21 0.543307
22 1.46371
23 0.56962
24 1.54357
25 1.4749
26 1.41736
27 0.735772
28 1.26923
29 0.70354
30 1.48739
31 1.5261
32 1.52609
33 1.41096
34 1.49145
35 1.41727
36 1.496
37 1.5214
38 1.60902
39 1.54733
40 1.43694
41 1.23171
42 1.51698
43 1.36564
44 1.46245
45 1.49057
46 1.47208
47 1.31613
48 1.64557
49 1.48988
50 1.47343
51 1.47162
52 1.48708
53 0.545082
54 1.56746
55 0.758242
56 1.40948
57 1.51626
58 1.51181
59 0.665354
60 1.28986
61 0.948819
62 1.55556
63 1.52743
