0 1.51852
1 1.272
2 1.52529
3 1.34314
4 1.24051
5 1.14634
6 1.29204
7 1.29148
8 1.36323
9 1.40773
10 1.30213
11 1.37175
12 1.28054
13 1.37931
14 1.52885
15 1.37759
16 1.64255
17 1.42601
18 1.70545
19 1.45022
20 1.56786
21 0.464602
22 1.42279
23 0.547945
24 1.59449
25 1.45865
26 1.41971
27 0.8
28 1.32922
29 1.03167
30 1.62
31 1.361
32 1.63139
33 1.58943
34 1.61679
35 1.59774
36 1.5061
37 1.50489
38 1.74608
39 1.5461
40 1.68881
41 1.66946
42 1.71758
43 1.55405
44 1.63836
45 1.78882
46 1.75168
47 1.63806
48 1.44161
49 1.61888
50 1.62799
51 1.55906
52 1.48425
53 0.559846
54 1.4382
55 0.702899
56 1.49618
57 1.53237
58 1.47154
59 0.815261
60 1.2439
61 0.996337
62 1.47842
63 1.41176
