0 1.08235
1 1.69298
2 1.17757
3 1.40476
4 1.26708
5 1.21961
6 1.18095
7 1.24123
8 1.29353
9 1.30342
10 1.28261
11 1.22807
12 1.24348
13 1.23982
14 1.1866
15 1.18834
16 1.54545
17 2.43478
18 1.52667
19 1.90909
20 2
21 0.514563
22 2.13235
23 0.689796
24 1.89474
25 1.96226
26 2.14667
27 0.475
28 1.29524
29 0.642487
30 1.92
31 1.78846
32 1.08571
33 1.22383
34 1.2233
35 1.1794
36 0.85
37 1.13303
38 0.965347
39 1.12889
40 1.21224
41 1.25346
42 0.995536
43 1.01408
44 0.906863
45 1.0885
46 1.29208
47 1.32039
48 1.83784
49 1.24034
50 1.1958
51 1.24336
52 1.24537
53 0.277056
54 1.15086
55 0.316514
56 1.23077
57 1.21484
58 0.944785
59 0.438914
60 0.686916
61 0.462555
62 1.1886
63 1.34286
