0 1.375
1 1.85091
2 1.61231
3 1.85259
4 1.76945
5 1.72576
6 1.75216
7 1.88953
8 1.54348
9 1.87195
10 1.74772
11 1.66554
12 1.7134
13 1.62324
14 1.69963
15 1.79114
16 1.63415
17 1.85185
18 1.6729
19 1.80435
20 1.88329
21 0.938053
22 1.93889
23 1.18263
24 1.83434
25 1.89297
26 1.86559
27 1.41356
28 1.69079
29 1.33439
30 1.89318
31 1.92128
32 1.73952
33 1.87363
34 1.96496
35 1.91029
36 2.06322
37 1.71831
38 1.62663
39 1.93484
40 1.71895
41 1.90203
42 1.87013
43 2.05263
44 1.63125
45 1.81013
46 1.79758
47 1.85061
48 1.92327
49 1.74434
50 1.88294
51 1.85758
52 2.08426
53 1.06471
54 1.67576
55 1.1307
56 1.84156
57 1.75163
58 1.92891
59 1.21306
60 1.57432
61 1.18305
62 2.06061
63 1.69355
